Loss:  0.3998341735866335 
Precision:  0.8958976621085134 
Accuracy:  0.880083784255542 
F1:  0.8553379658875553 
Recall:  0.8182917002417406 
AUC:  0.9480573030035535