Loss:  0.42224222487873503 
Precision:  0.8656951555730603 
Accuracy:  0.8909059172630477 
F1:  0.8755228042222665 
Recall:  0.8855761482675262 
AUC:  0.9610602559555997